69 72 75 78 80 79 / safe 
40 42 43 46 47 48 49 49 / safe
57 58 59 60 64 / safe
29 32 35 37 43 / safe
16 17 18 19 20 17 19 20 / unsafe
42 45 43 45 48 49 46 / unsafe
58 59 62 65 63 66 66 / unsafe
28 31 34 31 35 / safe
37 39 41 38 40 43 45 50 / unsafe
64 66 68 68 71 / safe
50 51 53 53 55 53 / unsafe
44 45 48 48 51 54 55 55 / unsafe
20 22 22 23 25 29 / unsafe
38 40 41 41 43 46 49 54 / unsafe
24 27 28 30 33 37 38 40 / unsafe
82 83 86 88 92 89 / safe
68 69 71 74 76 80 80 / unsafe
3 6 9 13 16 20 / unsafe
62 65 67 71 74 81 / unsafe
68 69 72 78 81 / unsafe
74 77 79 85 82 / safe
61 64 67 69 70 77 80 80 / unsafe
46 48 53 56 58 61 65 / unsafe
65 67 70 77 82 / unsafe
61 60 62 64 65 66 69 / safe
13 11 14 15 18 15 / unsafe
57 56 59 62 65 66 69 69 / unsafe
45 44 46 47 48 49 52 56 / unsafe
38 36 39 42 45 52 / unsafe
69 67 69 66 69 / unsafe
89 86 84 87 84 / unsafe
10 8 7 9 11 12 12 / unsafe
97 94 91 92 94 98 / unsafe
2 1 4 3 5 6 9 16 / unsafe
63 62 65 68 68 71 73 / unsafe
54 51 51 54 55 52 / unsafe
21 20 21 21 23 26 26 / unsafe
33 32 35 35 39 / unsafe
70 69 69 72 73 74 76 82 / unsafe
4 1 4 7 8 12 15 / unsafe
8 5 8 9 13 14 16 15 / unsafe
16 15 18 20 24 25 27 27 / unsafe
54 53 56 60 62 66 / unsafe
62 60 64 65 70 / unsafe
26 23 28 30 31 / unsafe
53 51 53 54 57 62 64 61 / unsafe
9 6 13 16 18 19 20 20 / unsafe
75 72 78 80 82 85 87 91 / unsafe
8 7 10 11 16 18 25 / unsafe
84 84 86 89 92 95 96 / safe
36 36 39 41 42 41 / unsafe 
21 21 22 24 25 26 26 / unsafe
72 72 74 77 81 / unsafe
3 3 6 8 15 / unsafe
9 9 12 11 14 / unsafe
75 75 76 75 77 75 / unsafe
7 7 8 10 12 10 10 / unsafe
52 52 51 54 58 / unsafe
76 76 77 80 79 84 / unsafe
41 41 42 42 44 45 / unsafe
85 85 87 87 90 89 / unsafe
4 4 7 9 9 9 / unsafe
23 23 24 27 30 31 31 35 / unsafe
48 48 51 51 56 / unsafe
1 1 3 7 10 13 16 19 / unsafe
19 19 21 25 26 28 29 26 / unsafe
73 73 75 76 80 80 / unsafe
40 40 44 47 51 / unsafe
74 74 78 81 84 87 93 / unsafe
9 9 11 12 15 22 25 / unsafe
1 1 3 10 11 14 16 15 / unsafe
50 50 52 58 60 60 / unsafe
59 59 60 65 69 / unsafe
34 34 40 42 47 / unsafe
30 34 36 39 42 / safe
2 6 7 9 12 13 10 / unsafe
15 19 21 23 24 24 / unsafe
30 34 35 38 41 44 46 50 / unsafe
47 51 52 55 60 / unsafe
90 94 92 94 97 / safe
68 72 70 72 75 77 80 79 / unsafe
53 57 59 60 57 59 60 60 / unsafe
88 92 95 96 93 97 / unsafe
26 30 31 29 36 / unsafe
82 86 87 88 88 90 92 94 / unsafe
71 75 76 79 79 80 82 79 / unsafe
42 46 46 49 50 51 54 54 / unsafe
14 18 18 19 20 24 / unsafe
75 79 80 80 81 87 / unsafe
61 65 69 71 74 76 / unsafe
69 73 75 78 80 84 85 83 / unsafe
34 38 42 43 46 47 47 / unsafe
35 39 41 43 47 51 / unsafe
2 6 7 10 14 20 / unsafe
17 21 24 30 31 34 36 38 / unsafe
12 16 21 23 24 23 / unsafe
87 91 93 99 99 / unsafe
22 26 32 35 36 37 39 43 / unsafe
46 50 57 59 62 65 67 73 / unsafe
46 52 54 55 56 / safe
27 33 35 38 40 43 46 45 / unsafe
17 24 25 27 27 / unsafe
19 24 25 28 30 32 36 / unsafe
36 42 45 47 54 / unsafe
35 42 43 44 42 45 47 / unsafe
50 56 58 55 52 / unsafe
32 37 38 35 38 38 / unsafe
49 54 57 54 56 58 60 64 / unsafe
53 58 57 58 61 64 71 / unsafe
74 80 80 83 86 87 90 92 / unsafe
36 42 43 45 45 48 49 48 / unsafe
82 87 87 89 89 / unsafe
31 38 41 41 43 45 46 50 / unsafe
40 47 49 50 50 51 58 / unsafe
59 64 68 69 71 73 74 76 / unsafe
59 66 69 73 71 / unsafe
75 81 84 88 90 92 92 / unsafe
13 19 21 24 27 31 32 36 / unsafe
23 30 32 35 39 45 / unsafe
16 22 25 27 29 31 36 38 / unsafe
3 10 12 13 19 21 23 22 / unsafe
4 10 11 14 16 22 22 / unsafe
4 11 14 16 23 25 29 / unsafe
3 8 9 10 16 21 / unsafe
64 63 60 57 55 57 / safe
81 80 77 75 74 74 / safe
34 33 31 30 28 24 / safe
23 21 20 19 16 13 10 4 / safe
56 54 51 52 49 / safe
44 43 41 38 35 37 35 37 / unsafe
82 81 84 81 79 79 / unsafe
77 75 74 77 74 70 / unsafe
12 11 13 10 7 2 / unsafe
32 31 28 28 25 23 20 / safe
6 3 2 2 1 3 / unsafe
77 76 73 71 68 68 68 / unsafe
25 22 19 17 15 15 13 9 / unsafe
87 85 84 84 83 78 / unsafe
42 39 37 33 32 30 / unsafe
88 87 86 83 81 77 75 76 / unsafe
15 12 8 6 4 4 / unsafe
96 94 92 88 86 84 80 / unsafe
84 81 78 76 72 69 67 62 / unsafe
51 50 49 46 44 38 37 / unsafe
54 53 52 49 43 42 41 43 / unsafe
99 97 92 90 89 86 86 / unsafe
97 95 88 85 81 / unsafe
35 32 30 25 22 19 14 / unsafe 
73 76 75 74 73 71 68 65 / safe
79 81 80 79 78 77 76 78 / unsafe
5 8 6 4 1 1 / unsafe
84 87 86 83 82 81 77 / unsafe
21 23 20 18 16 15 8 / unsafe
13 14 16 15 14 12 11 9 / unsafe
29 30 29 31 34 / safe
58 60 63 62 59 58 57 57 / unsafe
30 32 33 32 28 / unsafe
86 87 85 88 85 84 77 / unsafe
36 37 37 36 35 32 31 30 / unsafe
4 6 6 3 6 / unsafe
27 29 29 26 26 / unsafe
65 67 66 66 64 60 / unsafe
90 91 89 89 83 / unsafe
74 76 72 71 68 66 / unsafe
74 76 74 73 69 68 70 / unsafe
23 25 24 22 18 18 / unsafe
59 61 57 55 53 51 47 / unsafe
87 88 87 83 82 81 80 74 / unsafe
55 58 57 54 51 50 44 42 / unsafe
92 95 92 91 90 87 80 83 / unsafe
69 70 64 63 61 58 58 / unsafe
34 37 36 33 32 26 24 20 / unsafe
36 37 35 34 31 24 21 16 / unsafe
27 27 26 25 24 / safe
41 41 38 35 34 35 / unsafe
31 31 28 27 27 / unsafe
37 37 36 34 31 28 24 / unsafe
49 49 47 46 43 41 38 33 / unsafe
63 63 62 59 62 59 58 / unsafe
9 9 11 10 13 / unsafe
23 23 21 19 22 21 21 / unsafe
37 37 40 39 35 / unsafe
13 13 10 11 5 / unsafe
78 78 78 75 72 71 70 / unsafe
73 73 73 70 71 / unsafe
10 10 8 5 5 4 4 / unsafe
22 22 21 21 20 16 / unsafe
96 96 96 95 89 / unsafe
41 41 40 36 33 32 29 28 / unsafe
57 57 53 51 54 / unsafe
58 58 57 56 55 51 51 / unsafe
46 46 42 39 35 / unsafe
21 21 18 14 12 11 5 / unsafe
40 40 38 36 29 27 25 / unsafe
97 97 94 89 91 / unsafe
36 36 34 29 27 25 22 22 / unsafe
87 87 84 79 75 / unsafe
35 35 32 26 24 21 16 / unsafe
52 48 45 42 40 37 / safe
49 45 42 40 42 / unsafe
95 91 88 86 86 / unsafe
88 84 82 81 80 78 75 71 / unsafe
83 79 78 76 70 / unsafe
17 13 11 10 9 10 7 / unsafe
45 41 43 41 42 / unsafe
97 93 90 89 92 89 89 / unsafe
17 13 15 14 12 8 / unsafe
36 32 29 27 29 27 22 / unsafe
50 46 45 44 41 41 40 39 / unsafe
93 89 87 84 84 87 / unsafe
23 19 17 16 16 16 / unsafe
29 25 24 22 22 20 18 14 / unsafe
14 10 9 9 8 3 / unsafe
20 16 13 9 6 / unsafe
22 18 16 13 9 11 / unsafe
73 69 66 62 62 / unsafe
16 12 8 5 1 / unsafe
58 54 50 47 45 40 / unsafe
46 42 40 33 30 / unsafe
65 61 54 51 54 / unsafe
25 21 20 19 17 15 9 9 / unsafe
38 34 31 25 24 20 / unsafe
71 67 66 64 58 56 51 / unsafe
78 73 70 69 68 65 / safe
32 26 24 22 21 19 22 / unsafe
92 86 84 83 81 78 78 / unsafe
67 62 59 56 53 49 / unsafe
64 58 56 55 54 52 51 46 / unsafe
82 76 74 72 74 71 69 66 / unsafe
37 32 30 32 29 32 / unsafe
65 58 57 59 56 55 52 52 / unsafe
94 87 84 87 83 / unsafe
54 47 49 48 45 39 / unsafe
74 68 65 62 62 60 59 / unsafe
53 47 44 43 43 46 / unsafe
96 89 86 86 85 85 / unsafe
62 55 53 52 52 51 47 / unsafe
34 28 28 25 20 / unsafe
25 20 16 13 11 9 / unsafe
58 52 49 45 42 39 40 / unsafe
56 49 45 43 40 37 37 / unsafe
32 26 22 20 16 / unsafe
94 88 84 82 75 / unsafe
65 59 58 52 50 49 47 / unsafe
68 61 55 53 55 / unsafe
53 47 45 40 40 / unsafe
73 66 61 59 57 53 / unsafe
66 60 57 56 51 46 / unsafe
32 34 37 38 40 43 44 42 / safe
9 11 14 17 19 20 20 / safe
